# Created by Octave 3.6.1, Sun Sep 08 19:35:44 2013 NPT <hardik@hardik-SVE15128CNB>
# name: B
# type: matrix
# rows: 10
# columns: 8
 0 3.28 3.144 3.1284 3.14796 3.142684 0 0
 0 3.28 3.24 3.1536 3.1416 3.141124 0 0
 0 3.2 3.088 3.1508 3.1376 3.14136 0 0
 0 3.16 3.212 3.1628 3.14152 3.140564 0 0
 0 3.28 3.04 3.1528 3.15128 3.141716 0 0
 0 2.96 3.128 3.1444 3.13872 3.141648 0 0
 0 3.24 3.212 3.12 3.14996 3.142752 0 0
 0 2.8 3.128 3.1316 3.14464 3.14146 0 0
 0 3.28 3.18 3.1512 3.14224 3.139496 0 0
 0 3.2 3.02 3.1336 3.14208 3.143076 0 0


